Points:
300
602.77 566.384
296.592 257.514
143.152 195.921
774.579 351.57
43.5941 538.231
376.655 415.924
155.604 404.949
284.786 422.349
314.879 11.2521
505.438 504.193
693.619 147.882
609.274 30.3248
567.564 518.166
313.73 565.534
563.286 548.242
686.169 81.8631
452.503 274.542
627.285 137.071
651.521 446.741
513.297 451.398
356.429 521.336
435.046 67.464
653.084 384.025
527.036 539.874
592.089 125.972
365.138 174.356
272.907 364.281
376.596 130.809
128.458 30.3535
771.461 517.745
799.477 518.809
257.801 493.222
40.3904 338.985
247.635 63.8141
686.949 518.933
587.026 570.699
50.8838 182.534
755.412 166.554
141.904 527.976
71.9309 361.836
714.922 550.494
419.7 327.802
611.482 140.872
228.3 597.223
686.623 554.955
631.685 149.821
57.391 514.576
338.081 67.1144
174.571 73.3361
789.693 439.287
546.648 46.1403
304.899 432.539
798.79 448.149
501.5 195.233
742.758 105.52
74.6862 430.073
210.5 493.26
45.5086 370.79
490.683 16.4862
761.922 205.357
473.57 282.98
263.407 445.205
683.093 398.221
628.743 451.116
387.204 43.248
119.184 463.826
395.153 100.389
731.385 318.062
684.393 295.458
534.637 324.663
206.315 470.363
484.831 456.993
303.71 312.611
438.797 397.754
4.1482 595.795
371.7 300.539
194.325 358.289
208.679 476.33
436.595 58.0634
135.082 28.0665
655.857 17.8498
157.652 190.7
678.349 188.258
644.954 66.7777
521.921 422.057
389.894 284.693
188.915 546.177
345.052 56.0433
605.064 369.468
487.018 587.886
384.567 456.909
286.93 44.0383
693.825 434.169
656.31 371.707
533.032 247.815
354.22 593.544
245.659 291.667
639.899 383.904
600.909 93.006
686.75 363.64
64.4442 242.123
251.067 207.483
351.368 190.019
745.983 447.089
579.968 117.324
765.644 324.751
491.719 123.401
743.427 189.431
748.184 289.158
715.964 449.803
591.13 360.912
70.1043 202.638
782.056 27.591
160.796 532.503
394.857 437.224
105.796 35.6599
324.191 344.476
712.659 267.647
152.982 506.669
31.9913 493.982
291.644 549.712
97.4846 598.226
250.209 587.522
368.907 30.6838
640.649 148.795
679.609 213.653
555.055 323.834
468.567 562.285
659.717 402.833
320.076 472.022
676.909 190.93
713.874 319.404
782.735 150.825
76.6588 469.9
485.176 101.788
68.6676 81.4875
106.285 582.615
760.183 124.614
207.064 267.371
554.888 246.817
613.961 35.7846
479.491 325.873
384.21 276.761
106.126 111.043
777.42 182.945
498.5 319.652
52.0744 490.747
55.429 309.28
238.907 26.1073
170.527 99.0658
240.738 543.062
700.903 179.396
405.347 260.267
703.518 495.815
190.177 459.308
660.124 343.805
92.9031 3.10297
373.153 254.711
487.673 357.835
721.04 359.459
105.481 348.82
319.423 314.655
31.9137 118.166
192.365 281.139
506.94 203.116
194.904 272.169
602.087 560.758
294.701 71.8557
756.894 155.576
19.8458 148.664
656.625 110.303
151.208 509.977
219.585 562.146
426.641 393.271
203.639 530.444
372.352 260.761
767.221 231.84
466.675 518.831
266.626 599.351
269.955 494.28
221.933 580.174
721.243 348.645
560.667 18.0152
231.455 161.958
414.162 388.171
664.632 188.476
131.27 203.09
220.315 11.8804
540.201 263.142
258.114 485.217
194.636 557.88
252.961 472.849
522.24 121.393
160.992 539.727
578.677 591.649
762.431 323.21
95.8065 0.457051
24.6297 512.756
99.6181 492.355
374.035 192.063
507.385 385.335
784.567 179.001
254.508 478.992
189.511 153.661
51.8371 596.032
738.55 335.719
278.09 184.855
408.33 143.633
111.147 0.24751
789.196 426.992
200.269 517.368
690.433 563.72
635.302 222.057
152.549 536.297
171.147 551.19
448.7 394.938
765.252 508.899
517.188 324.951
638.149 164.82
214.469 530.025
354.325 517.49
136.46 114.764
344.53 474.311
632.745 408.593
314.112 341.758
345.5 466.456
573.568 385.786
10.4568 176.95
150.996 306.652
343.79 122.255
689.59 241.607
200.676 594.367
425.757 491.132
74.6024 538.398
624.563 197.93
153.893 216.804
442.091 134.166
11.3029 217.764
35.1423 589.966
442.298 483.036
465.989 261.941
63.6357 590.849
223.732 179.668
648.427 55.5693
237.098 281.046
696.871 144.162
184.706 95.0167
781.531 73.1598
15.4102 457.848
74.3703 42.1003
345.205 479.98
18.8615 171.197
518.615 590.472
773.918 22.6233
674.212 415.318
103.012 312.162
404.014 255.151
579.758 124.986
240.74 470.809
202.474 321.138
620.401 358.379
604.528 74.5085
196.891 3.83033
615.571 439.544
642.193 159.226
52.2748 517.456
118.204 140.548
174.694 53.3522
101.301 477.615
390.577 111.459
564.828 581.635
315.714 370.192
660.237 126.631
796.588 71.6039
523.656 75.7327
578.816 149.296
298.406 258.043
349.164 287.507
169.402 371.473
707.598 123.551
54.6763 8.69599
198.993 569.905
31.0094 129.66
9.69985 280.265
522.299 99.2326
107.823 300.208
93.8658 215.345
455.968 317.653
519.009 565.577
55.0797 339.417
651.617 181.999
586.723 475.422
217.239 112.518
645.321 101.915
300.622 289.981
398.235 414.689
512.792 266.474
528.178 447.921
170.915 407.851
676.112 403.409

Triangles:
582
567.564 518.166
505.438 504.193
527.036 539.874

563.286 548.242
567.564 518.166
527.036 539.874

799.477 518.809
771.461 517.745
714.922 550.494

627.285 137.071
592.089 125.972
611.482 140.872

714.922 550.494
686.949 518.933
686.623 554.955

627.285 137.071
611.482 140.872
631.685 149.821

74.6862 430.073
71.9309 361.836
45.5086 370.79

284.786 422.349
272.907 364.281
263.407 445.205

304.899 432.539
284.786 422.349
263.407 445.205

686.949 518.933
651.521 446.741
628.743 451.116

155.604 404.949
74.6862 430.073
119.184 463.826

435.046 67.464
387.204 43.248
395.153 100.389

505.438 504.193
513.297 451.398
484.831 456.993

263.407 445.205
272.907 364.281
194.325 358.289

490.683 16.4862
387.204 43.248
436.595 58.0634

387.204 43.248
435.046 67.464
436.595 58.0634

484.831 456.993
513.297 451.398
521.921 422.057

419.7 327.802
452.503 274.542
389.894 284.693

371.7 300.539
419.7 327.802
389.894 284.693

338.081 67.1144
395.153 100.389
345.052 56.0433

395.153 100.389
387.204 43.248
345.052 56.0433

338.081 67.1144
345.052 56.0433
286.93 44.0383

345.052 56.0433
314.879 11.2521
286.93 44.0383

653.084 384.025
683.093 398.221
656.31 371.707

356.429 521.336
313.73 565.534
354.22 593.544

272.907 364.281
303.71 312.611
245.659 291.667

653.084 384.025
656.31 371.707
639.899 383.904

592.089 125.972
627.285 137.071
600.909 93.006

656.31 371.707
683.093 398.221
686.75 363.64

798.79 448.149
789.693 439.287
745.983 447.089

592.089 125.972
600.909 93.006
579.968 117.324

600.909 93.006
546.648 46.1403
579.968 117.324

745.983 447.089
693.825 434.169
715.964 449.803

376.655 415.924
384.567 456.909
394.857 437.224

419.7 327.802
371.7 300.539
324.191 344.476

731.385 318.062
748.184 289.158
712.659 267.647

490.683 16.4862
314.879 11.2521
368.907 30.6838

387.204 43.248
490.683 16.4862
368.907 30.6838

314.879 11.2521
345.052 56.0433
368.907 30.6838

345.052 56.0433
387.204 43.248
368.907 30.6838

627.285 137.071
631.685 149.821
640.649 148.795

356.429 521.336
354.22 593.544
468.567 562.285

354.22 593.544
487.018 587.886
468.567 562.285

653.084 384.025
639.899 383.904
659.717 402.833

304.899 432.539
263.407 445.205
320.076 472.022

731.385 318.062
712.659 267.647
713.874 319.404

712.659 267.647
684.393 295.458
713.874 319.404

119.184 463.826
74.6862 430.073
76.6588 469.9

490.683 16.4862
436.595 58.0634
485.176 101.788

436.595 58.0634
435.046 67.464
485.176 101.788

655.857 17.8498
609.274 30.3248
613.961 35.7846

371.7 300.539
389.894 284.693
384.21 276.761

105.796 35.6599
68.6676 81.4875
106.126 111.043

755.412 166.554
743.427 189.431
777.42 182.945

743.427 189.431
761.922 205.357
777.42 182.945

473.57 282.98
479.491 325.873
498.5 319.652

286.93 44.0383
314.879 11.2521
238.907 26.1073

247.635 63.8141
286.93 44.0383
238.907 26.1073

250.209 587.522
291.644 549.712
240.738 543.062

743.427 189.431
755.412 166.554
700.903 179.396

693.619 147.882
678.349 188.258
700.903 179.396

679.609 213.653
743.427 189.431
700.903 179.396

678.349 188.258
676.909 190.93
700.903 179.396

676.909 190.93
679.609 213.653
700.903 179.396

389.894 284.693
452.503 274.542
405.347 260.267

384.21 276.761
389.894 284.693
405.347 260.267

686.949 518.933
714.922 550.494
703.518 495.815

651.521 446.741
686.949 518.933
703.518 495.815

693.825 434.169
651.521 446.741
703.518 495.815

715.964 449.803
693.825 434.169
703.518 495.815

745.983 447.089
715.964 449.803
703.518 495.815

155.604 404.949
119.184 463.826
190.177 459.308

206.315 470.363
263.407 445.205
190.177 459.308

119.184 463.826
152.982 506.669
190.177 459.308

210.5 493.26
208.679 476.33
190.177 459.308

152.982 506.669
210.5 493.26
190.177 459.308

208.679 476.33
206.315 470.363
190.177 459.308

656.31 371.707
686.75 363.64
660.124 343.805

686.75 363.64
713.874 319.404
660.124 343.805

713.874 319.404
684.393 295.458
660.124 343.805

498.5 319.652
479.491 325.873
487.673 357.835

686.75 363.64
683.093 398.221
721.04 359.459

683.093 398.221
693.825 434.169
721.04 359.459

693.825 434.169
745.983 447.089
721.04 359.459

71.9309 361.836
74.6862 430.073
105.481 348.82

74.6862 430.073
155.604 404.949
105.481 348.82

324.191 344.476
371.7 300.539
319.423 314.655

106.126 111.043
68.6676 81.4875
31.9137 118.166

533.032 247.815
554.888 246.817
506.94 203.116

192.365 281.139
207.064 267.371
194.904 272.169

567.564 518.166
563.286 548.242
602.087 560.758

563.286 548.242
587.026 570.699
602.087 560.758

587.026 570.699
602.77 566.384
602.087 560.758

602.77 566.384
686.623 554.955
602.087 560.758

686.623 554.955
686.949 518.933
602.087 560.758

338.081 67.1144
286.93 44.0383
294.701 71.8557

286.93 44.0383
247.635 63.8141
294.701 71.8557

755.412 166.554
782.735 150.825
756.894 155.576

782.735 150.825
760.183 124.614
756.894 155.576

141.904 527.976
160.796 532.503
151.208 509.977

160.796 532.503
152.982 506.669
151.208 509.977

250.209 587.522
240.738 543.062
219.585 562.146

748.184 289.158
765.644 324.751
767.221 231.84

761.922 205.357
743.427 189.431
767.221 231.84

712.659 267.647
748.184 289.158
767.221 231.84

777.42 182.945
761.922 205.357
767.221 231.84

765.644 324.751
774.579 351.57
767.221 231.84

527.036 539.874
505.438 504.193
466.675 518.831

468.567 562.285
527.036 539.874
466.675 518.831

505.438 504.193
484.831 456.993
466.675 518.831

228.3 597.223
97.4846 598.226
266.626 599.351

250.209 587.522
228.3 597.223
266.626 599.351

354.22 593.544
313.73 565.534
266.626 599.351

313.73 565.534
291.644 549.712
266.626 599.351

291.644 549.712
250.209 587.522
266.626 599.351

320.076 472.022
263.407 445.205
269.955 494.28

291.644 549.712
320.076 472.022
269.955 494.28

257.801 493.222
240.738 543.062
269.955 494.28

240.738 543.062
291.644 549.712
269.955 494.28

228.3 597.223
250.209 587.522
221.933 580.174

250.209 587.522
219.585 562.146
221.933 580.174

713.874 319.404
686.75 363.64
721.243 348.645

686.75 363.64
721.04 359.459
721.243 348.645

546.648 46.1403
609.274 30.3248
560.667 18.0152

490.683 16.4862
546.648 46.1403
560.667 18.0152

609.274 30.3248
655.857 17.8498
560.667 18.0152

655.857 17.8498
490.683 16.4862
560.667 18.0152

419.7 327.802
324.191 344.476
414.162 388.171

324.191 344.476
376.655 415.924
414.162 388.171

426.641 393.271
419.7 327.802
414.162 388.171

678.349 188.258
693.619 147.882
664.632 188.476

676.909 190.93
678.349 188.258
664.632 188.476

679.609 213.653
676.909 190.93
664.632 188.476

238.907 26.1073
314.879 11.2521
220.315 11.8804

534.637 324.663
555.055 323.834
540.201 263.142

555.055 323.834
554.888 246.817
540.201 263.142

554.888 246.817
533.032 247.815
540.201 263.142

257.801 493.222
269.955 494.28
258.114 485.217

219.585 562.146
203.639 530.444
194.636 557.88

203.639 530.444
188.915 546.177
194.636 557.88

269.955 494.28
263.407 445.205
252.961 472.849

258.114 485.217
269.955 494.28
252.961 472.849

491.719 123.401
501.5 195.233
522.24 121.393

188.915 546.177
160.796 532.503
160.992 539.727

602.77 566.384
587.026 570.699
578.677 591.649

765.644 324.751
748.184 289.158
762.431 323.21

748.184 289.158
731.385 318.062
762.431 323.21

4.1482 595.795
43.5941 538.231
24.6297 512.756

76.6588 469.9
52.0744 490.747
99.6181 492.355

52.0744 490.747
57.391 514.576
99.6181 492.355

141.904 527.976
151.208 509.977
99.6181 492.355

152.982 506.669
119.184 463.826
99.6181 492.355

151.208 509.977
152.982 506.669
99.6181 492.355

365.138 174.356
351.368 190.019
374.035 192.063

351.368 190.019
373.153 254.711
374.035 192.063

774.579 351.57
798.79 448.149
784.567 179.001

782.735 150.825
755.412 166.554
784.567 179.001

755.412 166.554
777.42 182.945
784.567 179.001

777.42 182.945
767.221 231.84
784.567 179.001

767.221 231.84
774.579 351.57
784.567 179.001

257.801 493.222
258.114 485.217
254.508 478.992

258.114 485.217
252.961 472.849
254.508 478.992

4.1482 595.795
97.4846 598.226
51.8371 596.032

721.04 359.459
774.579 351.57
738.55 335.719

721.243 348.645
721.04 359.459
738.55 335.719

731.385 318.062
713.874 319.404
738.55 335.719

713.874 319.404
721.243 348.645
738.55 335.719

774.579 351.57
765.644 324.751
738.55 335.719

765.644 324.751
762.431 323.21
738.55 335.719

762.431 323.21
731.385 318.062
738.55 335.719

251.067 207.483
296.592 257.514
278.09 184.855

231.455 161.958
251.067 207.483
278.09 184.855

294.701 71.8557
231.455 161.958
278.09 184.855

376.596 130.809
365.138 174.356
408.33 143.633

365.138 174.356
374.035 192.063
408.33 143.633

128.458 30.3535
135.082 28.0665
111.147 0.24751

105.796 35.6599
128.458 30.3535
111.147 0.24751

92.9031 3.10297
105.796 35.6599
111.147 0.24751

95.8065 0.457051
92.9031 3.10297
111.147 0.24751

789.693 439.287
798.79 448.149
789.196 426.992

798.79 448.149
774.579 351.57
789.196 426.992

745.983 447.089
789.693 439.287
789.196 426.992

774.579 351.57
721.04 359.459
789.196 426.992

721.04 359.459
745.983 447.089
789.196 426.992

160.796 532.503
188.915 546.177
200.269 517.368

188.915 546.177
203.639 530.444
200.269 517.368

210.5 493.26
152.982 506.669
200.269 517.368

152.982 506.669
160.796 532.503
200.269 517.368

799.477 518.809
714.922 550.494
690.433 563.72

714.922 550.494
686.623 554.955
690.433 563.72

686.623 554.955
602.77 566.384
690.433 563.72

602.77 566.384
578.677 591.649
690.433 563.72

555.055 323.834
684.393 295.458
635.302 222.057

554.888 246.817
555.055 323.834
635.302 222.057

679.609 213.653
664.632 188.476
635.302 222.057

160.796 532.503
141.904 527.976
152.549 536.297

160.992 539.727
160.796 532.503
152.549 536.297

141.904 527.976
106.285 582.615
152.549 536.297

194.636 557.88
188.915 546.177
171.147 551.19

188.915 546.177
160.992 539.727
171.147 551.19

160.992 539.727
152.549 536.297
171.147 551.19

152.549 536.297
106.285 582.615
171.147 551.19

419.7 327.802
426.641 393.271
448.7 394.938

426.641 393.271
438.797 397.754
448.7 394.938

438.797 397.754
484.831 456.993
448.7 394.938

484.831 456.993
521.921 422.057
448.7 394.938

521.921 422.057
507.385 385.335
448.7 394.938

507.385 385.335
487.673 357.835
448.7 394.938

771.461 517.745
799.477 518.809
765.252 508.899

799.477 518.809
798.79 448.149
765.252 508.899

798.79 448.149
745.983 447.089
765.252 508.899

714.922 550.494
771.461 517.745
765.252 508.899

703.518 495.815
714.922 550.494
765.252 508.899

745.983 447.089
703.518 495.815
765.252 508.899

498.5 319.652
487.673 357.835
517.188 324.951

487.673 357.835
507.385 385.335
517.188 324.951

507.385 385.335
534.637 324.663
517.188 324.951

631.685 149.821
611.482 140.872
638.149 164.82

257.801 493.222
210.5 493.26
214.469 530.025

240.738 543.062
257.801 493.222
214.469 530.025

219.585 562.146
240.738 543.062
214.469 530.025

203.639 530.444
219.585 562.146
214.469 530.025

210.5 493.26
200.269 517.368
214.469 530.025

200.269 517.368
203.639 530.444
214.469 530.025

313.73 565.534
356.429 521.336
354.325 517.49

291.644 549.712
313.73 565.534
354.325 517.49

320.076 472.022
291.644 549.712
354.325 517.49

174.571 73.3361
128.458 30.3535
136.46 114.764

128.458 30.3535
105.796 35.6599
136.46 114.764

105.796 35.6599
106.126 111.043
136.46 114.764

170.527 99.0658
174.571 73.3361
136.46 114.764

189.511 153.661
170.527 99.0658
136.46 114.764

639.899 383.904
605.064 369.468
632.745 408.593

628.743 451.116
651.521 446.741
632.745 408.593

651.521 446.741
659.717 402.833
632.745 408.593

659.717 402.833
639.899 383.904
632.745 408.593

303.71 312.611
272.907 364.281
314.112 341.758

324.191 344.476
319.423 314.655
314.112 341.758

319.423 314.655
303.71 312.611
314.112 341.758

376.655 415.924
304.899 432.539
345.5 466.456

304.899 432.539
320.076 472.022
345.5 466.456

320.076 472.022
344.53 474.311
345.5 466.456

384.567 456.909
376.655 415.924
345.5 466.456

344.53 474.311
384.567 456.909
345.5 466.456

605.064 369.468
591.13 360.912
573.568 385.786

507.385 385.335
521.921 422.057
573.568 385.786

591.13 360.912
555.055 323.834
573.568 385.786

555.055 323.834
534.637 324.663
573.568 385.786

534.637 324.663
507.385 385.335
573.568 385.786

632.745 408.593
605.064 369.468
573.568 385.786

192.365 281.139
194.904 272.169
150.996 306.652

395.153 100.389
338.081 67.1144
343.79 122.255

338.081 67.1144
294.701 71.8557
343.79 122.255

365.138 174.356
376.596 130.809
343.79 122.255

294.701 71.8557
278.09 184.855
343.79 122.255

351.368 190.019
365.138 174.356
343.79 122.255

278.09 184.855
351.368 190.019
343.79 122.255

684.393 295.458
712.659 267.647
689.59 241.607

743.427 189.431
679.609 213.653
689.59 241.607

712.659 267.647
767.221 231.84
689.59 241.607

767.221 231.84
743.427 189.431
689.59 241.607

679.609 213.653
635.302 222.057
689.59 241.607

635.302 222.057
684.393 295.458
689.59 241.607

97.4846 598.226
228.3 597.223
200.676 594.367

106.285 582.615
97.4846 598.226
200.676 594.367

228.3 597.223
221.933 580.174
200.676 594.367

171.147 551.19
106.285 582.615
200.676 594.367

394.857 437.224
384.567 456.909
425.757 491.132

356.429 521.336
468.567 562.285
425.757 491.132

468.567 562.285
466.675 518.831
425.757 491.132

384.567 456.909
354.325 517.49
425.757 491.132

354.325 517.49
356.429 521.336
425.757 491.132

99.6181 492.355
57.391 514.576
74.6024 538.398

106.285 582.615
141.904 527.976
74.6024 538.398

141.904 527.976
99.6181 492.355
74.6024 538.398

554.888 246.817
635.302 222.057
624.563 197.93

638.149 164.82
611.482 140.872
624.563 197.93

157.652 190.7
143.152 195.921
153.893 216.804

194.904 272.169
207.064 267.371
153.893 216.804

143.152 195.921
131.27 203.09
153.893 216.804

150.996 306.652
194.904 272.169
153.893 216.804

435.046 67.464
395.153 100.389
442.091 134.166

485.176 101.788
435.046 67.464
442.091 134.166

491.719 123.401
485.176 101.788
442.091 134.166

501.5 195.233
491.719 123.401
442.091 134.166

408.33 143.633
501.5 195.233
442.091 134.166

64.4442 242.123
70.1043 202.638
11.3029 217.764

70.1043 202.638
50.8838 182.534
11.3029 217.764

50.8838 182.534
10.4568 176.95
11.3029 217.764

43.5941 538.231
4.1482 595.795
35.1423 589.966

4.1482 595.795
51.8371 596.032
35.1423 589.966

484.831 456.993
438.797 397.754
442.298 483.036

438.797 397.754
394.857 437.224
442.298 483.036

394.857 437.224
425.757 491.132
442.298 483.036

466.675 518.831
484.831 456.993
442.298 483.036

425.757 491.132
466.675 518.831
442.298 483.036

506.94 203.116
501.5 195.233
465.989 261.941

452.503 274.542
473.57 282.98
465.989 261.941

97.4846 598.226
106.285 582.615
63.6357 590.849

51.8371 596.032
97.4846 598.226
63.6357 590.849

74.6024 538.398
43.5941 538.231
63.6357 590.849

106.285 582.615
74.6024 538.398
63.6357 590.849

43.5941 538.231
35.1423 589.966
63.6357 590.849

35.1423 589.966
51.8371 596.032
63.6357 590.849

251.067 207.483
231.455 161.958
223.732 179.668

231.455 161.958
189.511 153.661
223.732 179.668

189.511 153.661
157.652 190.7
223.732 179.668

157.652 190.7
153.893 216.804
223.732 179.668

207.064 267.371
251.067 207.483
223.732 179.668

153.893 216.804
207.064 267.371
223.732 179.668

686.169 81.8631
655.857 17.8498
648.427 55.5693

644.954 66.7777
686.169 81.8631
648.427 55.5693

655.857 17.8498
613.961 35.7846
648.427 55.5693

613.961 35.7846
644.954 66.7777
648.427 55.5693

245.659 291.667
296.592 257.514
237.098 281.046

296.592 257.514
251.067 207.483
237.098 281.046

251.067 207.483
207.064 267.371
237.098 281.046

207.064 267.371
192.365 281.139
237.098 281.046

693.619 147.882
700.903 179.396
696.871 144.162

700.903 179.396
755.412 166.554
696.871 144.162

755.412 166.554
756.894 155.576
696.871 144.162

247.635 63.8141
174.571 73.3361
184.706 95.0167

174.571 73.3361
170.527 99.0658
184.706 95.0167

170.527 99.0658
189.511 153.661
184.706 95.0167

742.758 105.52
760.183 124.614
781.531 73.1598

74.6862 430.073
45.5086 370.79
15.4102 457.848

31.9913 493.982
52.0744 490.747
15.4102 457.848

76.6588 469.9
74.6862 430.073
15.4102 457.848

52.0744 490.747
76.6588 469.9
15.4102 457.848

45.5086 370.79
40.3904 338.985
15.4102 457.848

24.6297 512.756
31.9913 493.982
15.4102 457.848

4.1482 595.795
24.6297 512.756
15.4102 457.848

68.6676 81.4875
105.796 35.6599
74.3703 42.1003

105.796 35.6599
92.9031 3.10297
74.3703 42.1003

320.076 472.022
354.325 517.49
345.205 479.98

344.53 474.311
320.076 472.022
345.205 479.98

354.325 517.49
384.567 456.909
345.205 479.98

384.567 456.909
344.53 474.311
345.205 479.98

50.8838 182.534
19.8458 148.664
18.8615 171.197

19.8458 148.664
10.4568 176.95
18.8615 171.197

10.4568 176.95
50.8838 182.534
18.8615 171.197

487.018 587.886
354.22 593.544
518.615 590.472

354.22 593.544
266.626 599.351
518.615 590.472

266.626 599.351
578.677 591.649
518.615 590.472

655.857 17.8498
686.169 81.8631
773.918 22.6233

686.169 81.8631
742.758 105.52
773.918 22.6233

742.758 105.52
781.531 73.1598
773.918 22.6233

781.531 73.1598
782.056 27.591
773.918 22.6233

651.521 446.741
693.825 434.169
674.212 415.318

659.717 402.833
651.521 446.741
674.212 415.318

693.825 434.169
683.093 398.221
674.212 415.318

105.481 348.82
150.996 306.652
103.012 312.162

384.21 276.761
405.347 260.267
404.014 255.151

372.352 260.761
384.21 276.761
404.014 255.151

373.153 254.711
372.352 260.761
404.014 255.151

374.035 192.063
373.153 254.711
404.014 255.151

501.5 195.233
408.33 143.633
404.014 255.151

408.33 143.633
374.035 192.063
404.014 255.151

405.347 260.267
452.503 274.542
404.014 255.151

452.503 274.542
465.989 261.941
404.014 255.151

465.989 261.941
501.5 195.233
404.014 255.151

592.089 125.972
579.968 117.324
579.758 124.986

579.968 117.324
522.24 121.393
579.758 124.986

263.407 445.205
206.315 470.363
240.74 470.809

252.961 472.849
263.407 445.205
240.74 470.809

206.315 470.363
208.679 476.33
240.74 470.809

210.5 493.26
257.801 493.222
240.74 470.809

257.801 493.222
254.508 478.992
240.74 470.809

208.679 476.33
210.5 493.26
240.74 470.809

254.508 478.992
252.961 472.849
240.74 470.809

194.325 358.289
272.907 364.281
202.474 321.138

272.907 364.281
245.659 291.667
202.474 321.138

192.365 281.139
150.996 306.652
202.474 321.138

150.996 306.652
194.325 358.289
202.474 321.138

245.659 291.667
237.098 281.046
202.474 321.138

237.098 281.046
192.365 281.139
202.474 321.138

605.064 369.468
639.899 383.904
620.401 358.379

639.899 383.904
656.31 371.707
620.401 358.379

656.31 371.707
660.124 343.805
620.401 358.379

591.13 360.912
605.064 369.468
620.401 358.379

684.393 295.458
555.055 323.834
620.401 358.379

660.124 343.805
684.393 295.458
620.401 358.379

555.055 323.834
591.13 360.912
620.401 358.379

609.274 30.3248
546.648 46.1403
604.528 74.5085

613.961 35.7846
609.274 30.3248
604.528 74.5085

546.648 46.1403
600.909 93.006
604.528 74.5085

644.954 66.7777
613.961 35.7846
604.528 74.5085

314.879 11.2521
490.683 16.4862
196.891 3.83033

490.683 16.4862
655.857 17.8498
196.891 3.83033

655.857 17.8498
111.147 0.24751
196.891 3.83033

111.147 0.24751
135.082 28.0665
196.891 3.83033

220.315 11.8804
314.879 11.2521
196.891 3.83033

628.743 451.116
632.745 408.593
615.571 439.544

632.745 408.593
573.568 385.786
615.571 439.544

640.649 148.795
631.685 149.821
642.193 159.226

631.685 149.821
638.149 164.82
642.193 159.226

57.391 514.576
52.0744 490.747
52.2748 517.456

52.0744 490.747
31.9913 493.982
52.2748 517.456

24.6297 512.756
43.5941 538.231
52.2748 517.456

31.9913 493.982
24.6297 512.756
52.2748 517.456

43.5941 538.231
74.6024 538.398
52.2748 517.456

74.6024 538.398
57.391 514.576
52.2748 517.456

50.8838 182.534
70.1043 202.638
118.204 140.548

131.27 203.09
143.152 195.921
118.204 140.548

143.152 195.921
157.652 190.7
118.204 140.548

136.46 114.764
106.126 111.043
118.204 140.548

157.652 190.7
189.511 153.661
118.204 140.548

189.511 153.661
136.46 114.764
118.204 140.548

128.458 30.3535
174.571 73.3361
174.694 53.3522

135.082 28.0665
128.458 30.3535
174.694 53.3522

174.571 73.3361
247.635 63.8141
174.694 53.3522

247.635 63.8141
238.907 26.1073
174.694 53.3522

238.907 26.1073
220.315 11.8804
174.694 53.3522

196.891 3.83033
135.082 28.0665
174.694 53.3522

220.315 11.8804
196.891 3.83033
174.694 53.3522

119.184 463.826
76.6588 469.9
101.301 477.615

76.6588 469.9
99.6181 492.355
101.301 477.615

99.6181 492.355
119.184 463.826
101.301 477.615

376.596 130.809
408.33 143.633
390.577 111.459

395.153 100.389
343.79 122.255
390.577 111.459

343.79 122.255
376.596 130.809
390.577 111.459

408.33 143.633
442.091 134.166
390.577 111.459

442.091 134.166
395.153 100.389
390.577 111.459

587.026 570.699
563.286 548.242
564.828 581.635

578.677 591.649
587.026 570.699
564.828 581.635

518.615 590.472
578.677 591.649
564.828 581.635

304.899 432.539
376.655 415.924
315.714 370.192

376.655 415.924
324.191 344.476
315.714 370.192

272.907 364.281
284.786 422.349
315.714 370.192

284.786 422.349
304.899 432.539
315.714 370.192

324.191 344.476
314.112 341.758
315.714 370.192

314.112 341.758
272.907 364.281
315.714 370.192

627.285 137.071
640.649 148.795
660.237 126.631

656.625 110.303
627.285 137.071
660.237 126.631

693.619 147.882
696.871 144.162
660.237 126.631

640.649 148.795
642.193 159.226
660.237 126.631

642.193 159.226
693.619 147.882
660.237 126.631

784.567 179.001
798.79 448.149
796.588 71.6039

760.183 124.614
782.735 150.825
796.588 71.6039

781.531 73.1598
760.183 124.614
796.588 71.6039

782.735 150.825
784.567 179.001
796.588 71.6039

782.056 27.591
781.531 73.1598
796.588 71.6039

546.648 46.1403
490.683 16.4862
523.656 75.7327

490.683 16.4862
485.176 101.788
523.656 75.7327

579.968 117.324
546.648 46.1403
523.656 75.7327

506.94 203.116
554.888 246.817
578.816 149.296

554.888 246.817
624.563 197.93
578.816 149.296

611.482 140.872
592.089 125.972
578.816 149.296

592.089 125.972
579.758 124.986
578.816 149.296

501.5 195.233
506.94 203.116
578.816 149.296

522.24 121.393
501.5 195.233
578.816 149.296

579.758 124.986
522.24 121.393
578.816 149.296

624.563 197.93
611.482 140.872
578.816 149.296

373.153 254.711
351.368 190.019
298.406 258.043

351.368 190.019
278.09 184.855
298.406 258.043

278.09 184.855
296.592 257.514
298.406 258.043

371.7 300.539
384.21 276.761
349.164 287.507

384.21 276.761
372.352 260.761
349.164 287.507

319.423 314.655
371.7 300.539
349.164 287.507

372.352 260.761
373.153 254.711
349.164 287.507

373.153 254.711
298.406 258.043
349.164 287.507

105.481 348.82
155.604 404.949
169.402 371.473

194.325 358.289
150.996 306.652
169.402 371.473

150.996 306.652
105.481 348.82
169.402 371.473

742.758 105.52
686.169 81.8631
707.598 123.551

760.183 124.614
742.758 105.52
707.598 123.551

756.894 155.576
760.183 124.614
707.598 123.551

696.871 144.162
756.894 155.576
707.598 123.551

686.169 81.8631
656.625 110.303
707.598 123.551

656.625 110.303
660.237 126.631
707.598 123.551

660.237 126.631
696.871 144.162
707.598 123.551

19.8458 148.664
31.9137 118.166
54.6763 8.69599

92.9031 3.10297
95.8065 0.457051
54.6763 8.69599

10.4568 176.95
19.8458 148.664
54.6763 8.69599

74.3703 42.1003
92.9031 3.10297
54.6763 8.69599

31.9137 118.166
68.6676 81.4875
54.6763 8.69599

68.6676 81.4875
74.3703 42.1003
54.6763 8.69599

221.933 580.174
219.585 562.146
198.993 569.905

219.585 562.146
194.636 557.88
198.993 569.905

200.676 594.367
221.933 580.174
198.993 569.905

194.636 557.88
171.147 551.19
198.993 569.905

171.147 551.19
200.676 594.367
198.993 569.905

106.126 111.043
31.9137 118.166
31.0094 129.66

31.9137 118.166
19.8458 148.664
31.0094 129.66

19.8458 148.664
50.8838 182.534
31.0094 129.66

50.8838 182.534
118.204 140.548
31.0094 129.66

118.204 140.548
106.126 111.043
31.0094 129.66

40.3904 338.985
55.429 309.28
9.69985 280.265

55.429 309.28
64.4442 242.123
9.69985 280.265

64.4442 242.123
11.3029 217.764
9.69985 280.265

11.3029 217.764
10.4568 176.95
9.69985 280.265

4.1482 595.795
15.4102 457.848
9.69985 280.265

15.4102 457.848
40.3904 338.985
9.69985 280.265

485.176 101.788
491.719 123.401
522.299 99.2326

491.719 123.401
522.24 121.393
522.299 99.2326

522.24 121.393
579.968 117.324
522.299 99.2326

579.968 117.324
523.656 75.7327
522.299 99.2326

523.656 75.7327
485.176 101.788
522.299 99.2326

64.4442 242.123
55.429 309.28
107.823 300.208

55.429 309.28
103.012 312.162
107.823 300.208

150.996 306.652
153.893 216.804
107.823 300.208

103.012 312.162
150.996 306.652
107.823 300.208

70.1043 202.638
64.4442 242.123
93.8658 215.345

131.27 203.09
118.204 140.548
93.8658 215.345

118.204 140.548
70.1043 202.638
93.8658 215.345

64.4442 242.123
107.823 300.208
93.8658 215.345

153.893 216.804
131.27 203.09
93.8658 215.345

107.823 300.208
153.893 216.804
93.8658 215.345

452.503 274.542
419.7 327.802
455.968 317.653

473.57 282.98
452.503 274.542
455.968 317.653

479.491 325.873
473.57 282.98
455.968 317.653

487.673 357.835
479.491 325.873
455.968 317.653

419.7 327.802
448.7 394.938
455.968 317.653

448.7 394.938
487.673 357.835
455.968 317.653

527.036 539.874
468.567 562.285
519.009 565.577

468.567 562.285
487.018 587.886
519.009 565.577

487.018 587.886
518.615 590.472
519.009 565.577

563.286 548.242
527.036 539.874
519.009 565.577

564.828 581.635
563.286 548.242
519.009 565.577

518.615 590.472
564.828 581.635
519.009 565.577

40.3904 338.985
45.5086 370.79
55.0797 339.417

45.5086 370.79
71.9309 361.836
55.0797 339.417

55.429 309.28
40.3904 338.985
55.0797 339.417

103.012 312.162
55.429 309.28
55.0797 339.417

71.9309 361.836
105.481 348.82
55.0797 339.417

105.481 348.82
103.012 312.162
55.0797 339.417

635.302 222.057
664.632 188.476
651.617 181.999

624.563 197.93
635.302 222.057
651.617 181.999

638.149 164.82
624.563 197.93
651.617 181.999

664.632 188.476
693.619 147.882
651.617 181.999

693.619 147.882
642.193 159.226
651.617 181.999

642.193 159.226
638.149 164.82
651.617 181.999

686.949 518.933
628.743 451.116
586.723 475.422

602.087 560.758
686.949 518.933
586.723 475.422

567.564 518.166
602.087 560.758
586.723 475.422

628.743 451.116
615.571 439.544
586.723 475.422

294.701 71.8557
247.635 63.8141
217.239 112.518

231.455 161.958
294.701 71.8557
217.239 112.518

247.635 63.8141
184.706 95.0167
217.239 112.518

189.511 153.661
231.455 161.958
217.239 112.518

184.706 95.0167
189.511 153.661
217.239 112.518

686.169 81.8631
644.954 66.7777
645.321 101.915

656.625 110.303
686.169 81.8631
645.321 101.915

600.909 93.006
627.285 137.071
645.321 101.915

627.285 137.071
656.625 110.303
645.321 101.915

644.954 66.7777
604.528 74.5085
645.321 101.915

604.528 74.5085
600.909 93.006
645.321 101.915

296.592 257.514
245.659 291.667
300.622 289.981

245.659 291.667
303.71 312.611
300.622 289.981

298.406 258.043
296.592 257.514
300.622 289.981

303.71 312.611
319.423 314.655
300.622 289.981

319.423 314.655
349.164 287.507
300.622 289.981

349.164 287.507
298.406 258.043
300.622 289.981

394.857 437.224
438.797 397.754
398.235 414.689

438.797 397.754
426.641 393.271
398.235 414.689

376.655 415.924
394.857 437.224
398.235 414.689

414.162 388.171
376.655 415.924
398.235 414.689

426.641 393.271
414.162 388.171
398.235 414.689

540.201 263.142
533.032 247.815
512.792 266.474

473.57 282.98
498.5 319.652
512.792 266.474

534.637 324.663
540.201 263.142
512.792 266.474

517.188 324.951
534.637 324.663
512.792 266.474

498.5 319.652
517.188 324.951
512.792 266.474

465.989 261.941
473.57 282.98
512.792 266.474

533.032 247.815
506.94 203.116
512.792 266.474

506.94 203.116
465.989 261.941
512.792 266.474

505.438 504.193
567.564 518.166
528.178 447.921

513.297 451.398
505.438 504.193
528.178 447.921

567.564 518.166
586.723 475.422
528.178 447.921

521.921 422.057
513.297 451.398
528.178 447.921

573.568 385.786
521.921 422.057
528.178 447.921

615.571 439.544
573.568 385.786
528.178 447.921

586.723 475.422
615.571 439.544
528.178 447.921

155.604 404.949
190.177 459.308
170.915 407.851

263.407 445.205
194.325 358.289
170.915 407.851

190.177 459.308
263.407 445.205
170.915 407.851

194.325 358.289
169.402 371.473
170.915 407.851

169.402 371.473
155.604 404.949
170.915 407.851

683.093 398.221
653.084 384.025
676.112 403.409

653.084 384.025
659.717 402.833
676.112 403.409

659.717 402.833
674.212 415.318
676.112 403.409

674.212 415.318
683.093 398.221
676.112 403.409

